57.5 0.008132344709948376
57.6 0.009642366444943365
57.7 0.011151842472133815
57.8 0.013306080831444815
57.9 0.014785025825647285
58.0 0.01772148311995857
58.1 0.016737651110170094
58.2 0.018160377235761253
58.3 0.01923753518675983
58.4 0.020473382790739226
58.5 0.019813521703141077
58.6 0.016563115525155915
58.7 0.018282977292988816
58.8 0.014461027309480708
58.9 0.01198564740269743
59.0 0.012375795398366416
59.1 0.011228910709920435
59.2 0.012427567584709195
59.3 0.013890414083268963
59.4 0.013023015440301612
59.5 0.011583776882419577
59.6 0.012562311224287616
59.7 0.011535284926022023
59.8 0.009496076345758834
59.9 0.009829390046832899
60.0 0.00848415329082962
60.1 0.006506843196555169
60.2 0.005933058500970923
60.3 0.0055049196558986805
60.4 0.004918719378252701
60.5 0.004438016527942876
60.6 0.004293298735005316
60.7 0.004794929075591289
60.8 0.004945573190308252
60.9 0.004619621078531343
61.0 0.004813583035324244
61.1 0.005395356242908799
61.2 0.006072998826698327
61.3 0.007275904797612379
61.4 0.008816250857595423
61.5 0.011056941380388997
61.6 0.015186440551552539
61.7 0.021746723251639306
61.8 0.026759134488836343
61.9 0.03210357180270344
62.0 0.038234915555140546
62.1 0.04308652066743982
62.2 0.049956207518957074
62.3 0.05969437687193146
62.4 0.06557015102036717
62.5 0.06780285247390025
62.6 0.06564194268942036
62.7 0.061301232945714934
62.8 0.05533827206859296
62.9 0.05298077684389433
63.0 0.05274137579425141
63.1 0.05330273369914134
63.2 0.05343145004444018
63.3 0.05510891410374616
63.4 0.05761468127111702
63.5 0.05695685468433137
63.6 0.05518489239337029
63.7 0.0535426796019064
63.8 0.05150023673842842
63.9 0.0480386653397111
64.0 0.04530852713814673
64.1 0.04817251277921574
64.2 0.050269316028588855
64.3 0.050144569698623326
64.4 0.05131129226252821
64.5 0.053108216374061594
64.6 0.054675785061389905
64.7 0.05256498263143198
64.8 0.049458686909498686
64.9 0.05067292920090605
65.0 0.051897938787905246
65.1 0.05219579469358045
65.2 0.05042767722013539
65.3 0.048834595437652846
65.4 0.04939805422734103
65.5 0.04963871713090841
65.6 0.04908694657216694
65.7 0.04776701348972188
65.8 0.04664865911472323
65.9 0.047533665460137306
66.0 0.04809358810027895
66.1 0.04623206221614938
66.2 0.04288180564598041
66.3 0.039578521475887994
66.4 0.03829361079857283
66.5 0.03821866207948111
66.6 0.03714524048083265
66.7 0.03637448964325068
66.8 0.03586995903670085
66.9 0.036013289413479
67.0 0.03795170855998093
67.1 0.038281627877956366
67.2 0.036852646838322206
67.3 0.03609044787653778
67.4 0.038048082947288675
67.5 0.042033378274314
67.6 0.044291673805462055
67.7 0.043694765750985035
67.8 0.043934694467933307
67.9 0.04247592156287539
68.0 0.03892813054693783
68.1 0.03799400281568507
68.2 0.035740600232437456
68.3 0.03456927346027117
68.4 0.03400072268451729
68.5 0.03255362233632929
68.6 0.034846745815013874
68.7 0.03750499396946819
68.8 0.039275403128560794
68.9 0.040854395635244296
69.0 0.041060353666062
69.1 0.03953091478767232
69.2 0.037477219364020355
69.3 0.03628645259916863
69.4 0.03766650057381702
69.5 0.04178300810798394
69.6 0.04724440578526841
69.7 0.05052452824670411
69.8 0.05046502312468872
69.9 0.04934662920893555
70.0 0.04832140428479305
70.1 0.048366763862271116
70.2 0.052517141360072066
70.3 0.05934139731548007
70.4 0.06446506996565314
70.5 0.06707401400826923
70.6 0.06967083240545338
70.7 0.06303534940389412
70.8 0.057972642332885
70.9 0.06482804143246022
71.0 0.07706300919047669
71.1 0.0820998744981579
71.2 0.08151848618790691
71.3 0.07719769430709525
71.4 0.0695452925104046
71.5 0.06419814841159624
71.6 0.06883922154404849
71.7 0.07928685437892087
71.8 0.08613915873647641
71.9 0.08033347707849066
72.0 0.07171664235958462
72.1 0.0695393169080586
72.2 0.07264690859165764
72.3 0.07890020348154739
72.4 0.07688513557368475
72.5 0.0656336393015806
72.6 0.06037084936648184
72.7 0.0653335603170793
72.8 0.07484413590232224
72.9 0.0783943332782159
73.0 0.07564106165657163
73.1 0.0654733952238418
73.2 0.06410652417095145
73.3 0.07461363880086562
73.4 0.08380843582806355
73.5 0.07572971783993108
73.6 0.065090840962926
73.7 0.06924109351468892
73.8 0.08126728316421848
73.9 0.07938519591263725
74.0 0.06606965578732672
74.1 0.06253261719772008
74.2 0.06882709342532257
74.3 0.07701615178485485
74.4 0.07216864558118205
74.5 0.06174514927466353
74.6 0.060501895540471765
74.7 0.06741365619948578
74.8 0.06560217276391998
74.9 0.05268595308050841
75.0 0.04897181789967655
75.1 0.059547771815315266
75.2 0.06663712862637261
75.3 0.055030876720316785
75.4 0.047576566858291494
75.5 0.05121094809566471
75.6 0.061738939236810654
75.7 0.05865302734580242
75.8 0.048239945048955
75.9 0.04873726669353804
76.0 0.058449326298725034
76.1 0.0521030845262952
76.2 0.03990839557470723
76.3 0.042535063133900396
76.4 0.05286672594425885
76.5 0.041508807776895376
76.6 0.03264879116974889
76.7 0.03679010162777672
76.8 0.04464465814379373
76.9 0.03768883734001585
77.0 0.03234977163538417
77.1 0.037103686394115425
77.2 0.04015322548553126
77.3 0.03158803989705864
77.4 0.027601432006092722
77.5 0.031269505740132264
77.6 0.031217273419619048
77.7 0.027022102378127983
77.8 0.027668088336781752
77.9 0.03270252804417181
78.0 0.03230005566980405
78.1 0.0258781723876376
78.2 0.028048440419529017
78.3 0.03384197716131384
78.4 0.028939670737975834
78.5 0.02990557915636872
78.6 0.035596875030880874
78.7 0.037432155974333275
78.8 0.03430960121685194
78.9 0.0369366803887785
79.0 0.04032971508886043
79.1 0.03272494378640426
79.2 0.034351352166860284
79.3 0.05266567806208937
79.4 0.04312951676709077
79.5 0.029489008264005037
79.6 0.03516164043077132
79.7 0.03594777134246192
79.8 0.024768325902863226
79.9 0.024048842825167185
80.0 0.032430797942418765
80.1 0.02895340324255551
80.2 0.023432189557772595
80.3 0.025138680207338355
80.4 0.020271763595338145
80.5 0.012909097936409765
80.6 0.011784061877931039
80.7 0.018705503544136158
80.8 0.014990764441094125
80.9 0.00862560499389236
81.0 0.009691498090014138
81.1 0.009430945185499591
81.2 0.008054737344911335
81.3 0.012701308553935439
81.4 0.017339048441657907
81.5 0.008813108667089817
81.6 0.006824212805979835
81.7 0.003757422369871154
81.8 0.005518421151965562
81.9 0.014432559256041103
82.0 0.004623440787837442
82.1 0.0036590435556117045
82.2 0.004764299292713384
82.3 0.00476939336609012
82.4 0.005847185283987484
82.5 0.0068029878205219324
