178.06482 2.6694512e-05
178.57068 4.0139952e-05
179.07655 6.241742e-05
179.58241 0.00010135265
180.08827 0.0001746151
180.59415 0.00032872817
181.1 0.00090963073
181.60588 0.002145907
182.11176 0.004462629
182.61761 0.0058340356
183.12347 0.0061473516
183.62933 0.0065843677
184.13521 0.006569002
184.64108 0.006585323
185.14694 0.0061628697
185.6528 0.005651574
186.15866 0.005719505
186.66454 0.0064181304
187.17041 0.0068333875
187.67627 0.0072689927
188.18214 0.0073740934
188.688 0.008082887
189.19386 0.0089685535
189.69972 0.009250621
190.2056 0.009667161
190.71147 0.010338395
191.21733 0.011012837
191.7232 0.011683444
192.22905 0.010960688
192.73492 0.0116935745
193.2408 0.013330384
193.74666 0.012768414
194.25253 0.0115341935
194.75839 0.011145745
195.26425 0.011036447
195.77013 0.010857154
196.27599 0.010830434
196.78186 0.011585432
197.28772 0.011393363
197.7936 0.010094829
198.29945 0.010349032
198.80531 0.011795674
199.31119 0.011804634
199.81705 0.010954996
200.32292 0.010817933
200.8288 0.011568164
201.33466 0.012008797
201.84052 0.01213873
202.34637 0.012721574
202.85225 0.0134726195
203.35812 0.014287109
203.86398 0.015247586
204.36984 0.015895445
204.8757 0.016259987
205.38158 0.017875133
205.88744 0.01866149
206.39331 0.017204827
206.89919 0.015835939
207.40504 0.017058073
207.9109 0.018334521
208.41676 0.018278755
208.92264 0.016883027
209.42851 0.01627236
209.93437 0.0156981
210.44025 0.0147772785
210.94609 0.014870459
211.45197 0.01572317
211.95784 0.014617212
212.4637 0.013433772
212.96957 0.013383518
213.47543 0.014047915
213.9813 0.014090123
214.48717 0.013167012
214.99303 0.012809942
215.4989 0.013514349
216.00476 0.014846997
216.51064 0.016146537
217.0165 0.015993476
217.52235 0.016175311
218.02823 0.015976073
218.53409 0.016562577
219.03996 0.01714138
219.06242 0.017141435
219.11258 0.017138267
219.16272 0.017131394
219.21286 0.017121453
219.26302 0.017108597
219.31317 0.017092433
219.36333 0.017072072
219.41348 0.017046211
219.46364 0.017013334
219.51378 0.01697304
219.54582 0.016943198
219.56393 0.016924344
219.61407 0.016866226
219.66423 0.01679807
219.71439 0.016719822
219.76454 0.016632078
219.8147 0.01653615
219.86484 0.016434021
219.915 0.016328292
219.96515 0.016222022
220.01529 0.016118553
220.0517 0.016047107
220.06544 0.016021278
220.1156 0.0159334
220.16576 0.015857697
220.2159 0.015796315
220.26605 0.015750581
220.31621 0.015720904
220.36636 0.015706696
220.41652 0.015706427
220.46666 0.015717687
220.51682 0.015737368
220.55756 0.015756944
220.56696 0.015761863
220.61711 0.015787316
220.66727 0.015809901
220.71742 0.01582607
220.76758 0.01583284
220.81773 0.015827956
220.86787 0.015810098
220.91801 0.015778935
220.96817 0.015735162
221.01833 0.015680453
221.06342 0.015624083
221.06848 0.015617331
221.11864 0.0155490115
221.1688 0.01547918
221.21893 0.015411753
221.26909 0.015350624
221.31924 0.015299432
221.36938 0.015261345
221.41954 0.01523889
221.4697 0.015233826
221.51985 0.015247091
221.56929 0.015278201
221.56999 0.015278783
221.62015 0.015328221
221.6703 0.015394038
221.72046 0.015474308
221.7706 0.01556672
221.82076 0.015668744
221.87091 0.015777797
221.92105 0.0158914
221.9712 0.016007297
222.02136 0.016123569
222.07152 0.016238667
222.07515 0.016247062
222.12167 0.016351445
222.17181 0.016461127
222.22197 0.016567266
222.27211 0.016669653
222.32227 0.016768243
222.37242 0.016863031
222.42258 0.01695398
222.47273 0.017040921
222.52289 0.01712349
222.57304 0.017201094
222.58102 0.017212806
222.62317 0.017272888
222.67332 0.017337779
222.72348 0.01739447
222.77364 0.017441515
222.82379 0.01747737
222.87395 0.017500501
222.9241 0.01750944
222.97424 0.01750288
223.0244 0.017479748
223.07454 0.017439263
223.08688 0.017425878
223.1247 0.017380992
223.17485 0.017304875
223.225 0.017211257
223.27515 0.017100893
223.3253 0.01697493
223.37546 0.016834905
223.42561 0.016682707
223.47577 0.016520556
223.52591 0.016350955
223.57607 0.016176643
223.59274 0.016118564
223.6262 0.016000554
223.67636 0.015825754
223.72652 0.015655385
223.77667 0.0154926
223.82683 0.015340478
223.87698 0.01520197
223.92712 0.015079798
223.97726 0.014976392
224.02742 0.0148938
224.07758 0.014833628
224.09862 0.014815617
224.12773 0.014796968
224.17789 0.014784353
224.22804 0.014795744
224.2782 0.014830508
224.32834 0.014887442
224.37848 0.014964819
224.42863 0.015060447
224.47879 0.015171771
224.52895 0.015295967
224.5791 0.015430056
224.60448 0.015500613
224.62926 0.015571031
224.6794 0.015715975
224.72955 0.015862165
224.7797 0.016007155
224.82985 0.016148863
224.88 0.01628559
224.93016 0.016416054
224.98032 0.016539356
225.03046 0.016654953
225.08061 0.016762597
225.11035 0.016822917
225.13077 0.016862255
225.18092 0.016954012
225.23106 0.017038018
225.28122 0.017114379
225.33138 0.017183108
225.38152 0.01724408
225.43167 0.017297009
225.48183 0.017341448
225.53198 0.017376818
225.58214 0.017402451
225.61623 0.01741366
225.6323 0.017417647
225.68243 0.017421743
225.73257 0.017414188
225.78273 0.017394606
225.83289 0.017362831
225.88304 0.017318962
225.9332 0.017263364
225.98335 0.017196665
226.03351 0.01711971
226.08365 0.017033517
226.12209 0.016961787
226.13379 0.016939213
226.18394 0.016837956
226.2341 0.016730867
226.28426 0.016618947
226.33441 0.016503047
226.38455 0.01638382
226.43471 0.016261712
226.48486 0.016136996
226.535 0.016009795
226.58516 0.015880149
226.62794 0.015767714
226.63531 0.015748113
226.68547 0.015613826
226.73561 0.015477616
226.78577 0.015340076
226.83592 0.01520212
226.88608 0.015065054
226.93622 0.014930557
226.98637 0.014800671
227.03653 0.014677751
227.08667 0.01456437
227.1338 0.014468888
227.13683 0.014463215
227.18698 0.014376949
227.23714 0.014308075
227.2873 0.014258794
227.33745 0.014230873
227.38759 0.01422554
227.43773 0.014243396
227.48788 0.014284379
227.53804 0.014347739
227.5882 0.014432077
227.63835 0.014535417
227.63968 0.014538417
227.6885 0.014655271
227.73866 0.01478879
227.7888 0.014932871
227.83894 0.015084307
227.8891 0.015239895
227.93925 0.015396587
227.98941 0.015551538
228.03957 0.015702209
228.08972 0.015846385
228.13986 0.015982186
228.14555 0.015997063
228.19002 0.016108057
228.24017 0.016222715
228.29031 0.016325107
228.34047 0.016414355
228.39062 0.016489683
228.44078 0.016550384
228.49092 0.016595794
228.54108 0.016625263
228.59123 0.016638184
228.64139 0.016634034
228.65141 0.016630946
228.69153 0.016612418
228.74168 0.01657314
228.79182 0.016516289
228.84198 0.01644232
228.89214 0.016352104
228.94229 0.016247012
228.99245 0.016128903
229.0426 0.01600016
229.09274 0.015863629
229.14288 0.015722573
229.15729 0.01568156
229.19304 0.015580544
229.2432 0.015441303
229.29335 0.015308645
229.3435 0.015186253
229.39366 0.015077569
229.44382 0.014985622
229.49396 0.014912937
229.5441 0.014861407
229.59425 0.014832254
229.64441 0.014825993
229.66313 0.01482965
229.69456 0.0148424385
229.74472 0.0148807475
229.79488 0.014939489
229.84502 0.015016757
229.89517 0.015110257
229.94533 0.01521745
229.99547 0.015335662
230.04562 0.015462197
230.09578 0.015594445
230.14594 0.015729943
230.169 0.015792865
230.19608 0.01586644
230.24623 0.016001936
230.29639 0.016134685
230.34654 0.016263187
230.3967 0.01638617
230.44684 0.016502561
230.497 0.016611453
230.54713 0.01671206
230.59729 0.016803714
230.64745 0.016885832
230.67488 0.016926622
230.6976 0.016957916
230.74776 0.017019557
230.79791 0.017070465
230.84805 0.017110469
230.8982 0.01713957
230.94835 0.017157946
230.9985 0.017165987
231.04866 0.017164307
231.09882 0.01715152
231.14897 0.017121715
231.18074 0.017100802
231.68661 0.016833473
232.19247 0.016960945
232.69833 0.017636405
233.20421 0.01791597
233.71007 0.016132034
234.21594 0.013562257
234.7218 0.012974174
235.22768 0.013587567
235.73354 0.01460021
236.2394 0.015710367
236.74527 0.014869177
237.25113 0.014394321
237.757 0.015480541
238.26286 0.016828248
238.76874 0.017345384
239.2746 0.017255211
239.78046 0.016100844
240.28633 0.015118736
240.79219 0.014295341
241.29808 0.01372117
241.80392 0.014251583
242.30978 0.015227298
242.81564 0.015817879
243.32153 0.015545456
243.8274 0.014403601
244.33325 0.01385484
244.83914 0.0136628905
245.34499 0.014155207
245.85085 0.014425166
246.3567 0.013777789
246.8626 0.012049398
247.36845 0.010035201
247.87431 0.008805435
248.38019 0.009161154
248.88605 0.010414109
249.3919 0.011074188
249.8978 0.010703341
250.40366 0.010240961
250.90952 0.010136228
251.41537 0.009478962
251.92125 0.00895998
252.42711 0.009302451
252.93297 0.009832872
253.43886 0.009227409
253.94472 0.00756951
254.45056 0.0061110123
254.95645 0.0056283423
255.46231 0.006103321
255.96817 0.0064536897
256.47403 0.005577392
256.97992 0.0041873413
257.48578 0.0034362334
257.99164 0.003254279
258.49753 0.0031353955
259.00336 0.0029464872
259.50922 0.002495923
260.01508 0.0020716349
260.52097 0.0017221529
261.02682 0.0016087366
261.53268 0.0017222629
262.03857 0.0018193407
262.54443 0.0017898808
263.0503 0.0015904112
263.55618 0.0013608969
264.06204 0.0012173794
264.5679 0.0012104185
265.07376 0.001243836
265.57962 0.0010735453
266.08548 0.00074280985
266.59134 0.00050885323
267.09723 0.00039537696
267.6031 0.0003311794
268.10895 0.00028149755
268.61484 0.00024670767
269.1207 0.00021914694
269.62656 0.00018900479
270.13242 0.00015240771
270.6383 0.00015775315
271.14417 0.00018838202
271.65002 0.00021160184
272.15588 0.00021413832
273.0 0.00018391733
274.5 0.00015067303
276.0 0.0001246695
277.5 0.00010639174
279.0 9.461909e-05
280.5 8.544876e-05
282.0 7.560176e-05
283.5 6.893323e-05
285.0 6.412849e-05
286.5 5.867396e-05
288.0 5.064552e-05
289.5 4.6315192e-05
291.0 4.6692632e-05
292.5 4.4593082e-05
294.0 3.8614737e-05
295.5 3.7181584e-05
297.0 3.784266e-05
298.5 3.498822e-05
300.0 5.3976655e-05
301.5 4.4936252e-05
303.0 3.9266753e-05
304.5 3.7475085e-05
306.0 3.6416932e-05
307.5 3.5950892e-05
309.0 3.4785266e-05
310.5 3.356653e-05
312.0 3.229656e-05
313.5 2.9313385e-05
315.0 2.480286e-05
316.5 2.5152414e-05
318.0 2.5805946e-05
319.5 2.3655484e-05
321.0 2.0798305e-05
322.5 1.8994784e-05
324.0 1.8668803e-05
