296.9454 1.370901e-05
297.45126 2.4231846e-05
297.95715 4.673927e-05
298.463 0.00010438958
298.96887 0.00057928485
299.47473 0.0009004773
299.9806 0.0015420817
300.48648 0.0016667902
300.99234 0.001801972
301.49823 0.0020398332
302.0041 0.0022231725
302.50998 0.0025292772
303.01584 0.0027843497
303.5217 0.003425295
304.0276 0.0039829905
304.53345 0.004293054
305.0393 0.0046708896
305.54517 0.004734082
306.05103 0.0047154315
306.55692 0.004933673
307.06277 0.005657685
307.56866 0.0057465304
308.07452 0.0054663843
308.5804 0.0054871608
309.08627 0.005947148
309.59213 0.006285314
310.09802 0.0061666956
310.60388 0.006228779
311.10974 0.0065559945
311.6156 0.0064533213
312.1215 0.0060166456
312.62735 0.00590118
313.1332 0.0060021556
313.6391 0.0059315846
314.14496 0.005479076
314.65085 0.0050478824
315.1567 0.0050620926
315.66257 0.0053794547
316.16846 0.0055340454
316.6743 0.0056911106
317.18018 0.005629988
317.68604 0.005364804
318.19193 0.0054578893
318.69778 0.006144423
319.20364 0.0067431177
319.70953 0.0066289427
320.2154 0.0064336476
320.72128 0.0068428153
321.22714 0.007452644
321.733 0.0077102343
322.23886 0.00761769
322.74472 0.007930974
323.2506 0.008366523
323.75647 0.008501298
324.26236 0.0085003255
324.76822 0.008853681
325.27408 0.009522363
325.77997 0.009803795
326.28583 0.009450823
326.79172 0.009045978
327.29758 0.008824154
327.80344 0.009261316
328.3093 0.009879567
328.81516 0.010098867
328.8339 0.010097328
328.88406 0.010089213
328.9342 0.010075085
328.98438 0.01005488
329.03452 0.010028665
329.0847 0.00999667
329.1348 0.009959296
329.18494 0.009917126
329.2351 0.009870911
329.28525 0.009821563
329.32104 0.009784979
329.33542 0.009770123
329.38556 0.009717728
329.43573 0.009665582
329.48587 0.009614908
329.536 0.0095669
329.58615 0.009522691
329.6363 0.009483316
329.68646 0.009449668
329.7366 0.009422487
329.78677 0.009402324
329.8269 0.009391504
329.8369 0.009389546
329.8871 0.009384322
329.9372 0.009386626
329.98737 0.009396246
330.0375 0.009412803
330.08765 0.009435764
330.13782 0.00946446
330.18796 0.009498115
330.23813 0.0095358705
330.28824 0.009576804
330.3328 0.00961502
330.3384 0.009619958
330.38855 0.009664369
330.43872 0.009709089
330.48886 0.009753213
330.539 0.0097958995
330.58917 0.009836398
330.6393 0.009874065
330.68945 0.009908394
330.7396 0.009939014
330.78976 0.009965719
330.83865 0.009987948
330.8399 0.009988458
330.89008 0.010007348
330.94022 0.010022654
330.99036 0.010034789
331.04053 0.010044279
331.09064 0.0100517385
331.1408 0.010057844
331.19095 0.010063284
331.24112 0.010068719
331.29126 0.010074748
331.34143 0.010081863
331.3445 0.010082338
331.39157 0.01009041
331.4417 0.010100568
331.49185 0.010112325
331.542 0.010125481
331.59216 0.010139632
331.6423 0.010154205
331.69247 0.010168476
331.7426 0.010181609
331.7928 0.0101927
331.84293 0.010200831
331.8504 0.010201746
331.89307 0.010205119
331.9432 0.010204777
331.99335 0.01019915
332.04352 0.010187765
332.09366 0.010170358
332.14383 0.010146898
332.19397 0.01011759
332.2441 0.010082867
332.29425 0.010043369
332.34442 0.009999922
332.35626 0.009989178
332.39456 0.009953482
332.4447 0.009905111
332.49487 0.009855905
332.545 0.009806956
332.59518 0.009759305
332.6453 0.009713898
332.69547 0.009671554
332.7456 0.009632942
332.79578 0.009598564
332.84592 0.009568756
332.86215 0.009560173
332.89606 0.009543691
332.94623 0.009523393
332.99637 0.009507762
333.0465 0.009496597
333.09665 0.009489616
333.14682 0.009486494
333.19696 0.009486881
333.24713 0.009490422
333.29727 0.00949677
333.3474 0.0095056025
333.36798 0.009509723
333.39758 0.009516619
333.4477 0.009529546
333.49786 0.009544126
333.548 0.009560109
333.59818 0.009577261
333.64832 0.0095953345
333.6985 0.009614071
333.74863 0.0096332
333.79877 0.009652436
333.8489 0.009671479
333.87387 0.009680772
333.89905 0.009690022
333.94922 0.009707759
333.99936 0.009724399
334.04953 0.009739667
334.09967 0.0097533185
334.14984 0.009765146
334.19995 0.009774987
334.25012 0.009782708
334.30026 0.009788227
334.3504 0.009791482
334.37973 0.00979247
334.40057 0.009792435
334.4507 0.009791054
334.5009 0.009787305
334.55103 0.00978114
334.60117 0.009772491
334.6513 0.009761257
334.70148 0.009747323
334.75162 0.009730546
334.80176 0.009710789
334.85193 0.00968792
334.8856 0.009670746
334.90207 0.0096618505
334.95224 0.009632553
335.00235 0.009600085
335.05252 0.009564624
335.10266 0.009526474
335.15283 0.009486097
335.20297 0.009444102
335.2531 0.009401249
335.30328 0.009358442
335.35342 0.009316696
335.39148 0.009286352
335.40356 0.009277107
335.4537 0.009240809
335.50388 0.009208927
335.55402 0.009182524
335.6042 0.009162552
335.65433 0.0091497945
335.70447 0.009144833
335.7546 0.009148007
335.80475 0.009159386
335.85492 0.009178769
335.89734 0.0092010675
335.90506 0.009205674
335.95523 0.009239363
336.00537 0.009278868
336.05554 0.009323033
336.10568 0.009370556
336.15582 0.009420058
336.20596 0.009470126
336.2561 0.009519388
336.30627 0.009566552
336.3564 0.00961047
336.40323 0.009647651
336.4066 0.009650168
336.45673 0.009684885
336.5069 0.009714084
336.557 0.009737469
336.60715 0.009754972
336.65732 0.009766745
336.70746 0.009773138
336.75763 0.009774661
336.80777 0.009771954
336.85794 0.009765755
336.90808 0.009756846
336.9091 0.009756653
336.95822 0.009746039
337.00836 0.009734117
337.0585 0.009721825
337.10867 0.009709847
337.1588 0.009698767
337.20898 0.009689086
337.25912 0.009681196
337.30927 0.00967539
337.3594 0.009671859
337.40958 0.009670704
337.41495 0.009670734
337.45972 0.00967194
337.50986 0.009675515
337.56003 0.009681311
337.61017 0.009689165
337.66034 0.009698871
337.71045 0.0097102
337.76062 0.009722899
337.81076 0.009736707
337.86093 0.009751362
337.91107 0.009766595
337.92084 0.009769544
337.9612 0.009782157
338.01138 0.009797805
338.06152 0.0098133115
338.11166 0.009828472
338.1618 0.009843098
338.21198 0.009857036
338.26212 0.0098701455
338.3123 0.0098823225
338.36243 0.009893478
338.41257 0.009903558
338.4267 0.009906116
338.46274 0.009912524
338.51285 0.009920366
338.56302 0.009927086
338.61316 0.009932705
338.66333 0.009937262
338.71347 0.009940807
338.76364 0.009943398
338.81378 0.00994511
338.86392 0.009946026
338.91406 0.009946235
338.93256 0.00994626
338.9642 0.009945849
339.01437 0.009944976
339.0645 0.00994375
339.1147 0.009942309
339.16483 0.009940807
339.215 0.009939406
339.2651 0.009938277
339.31525 0.009937593
339.36542 0.0099375285
339.41556 0.009938245
339.43842 0.009938825
339.46573 0.009939895
339.51587 0.009942613
339.56604 0.009946493
339.61618 0.009951612
339.66632 0.009957994
339.71646 0.009965627
339.7666 0.009974454
339.81677 0.009984369
339.8669 0.0099952305
339.91708 0.010006851
339.9443 0.010013432
339.96722 0.010019017
340.0174 0.010031495
340.0675 0.010044033
340.11768 0.01005638
340.16782 0.0100683
340.21796 0.010079574
340.26813 0.010090021
340.31827 0.010099506
340.36844 0.010107951
340.41858 0.010115343
340.45016 0.010119475
340.46872 0.010121742
340.51886 0.010127285
340.56903 0.010132192
340.61917 0.0101367645
340.6693 0.010141381
340.71948 0.010146499
340.76962 0.010152641
340.81976 0.010160384
340.8699 0.010170351
340.92007 0.010183185
340.95602 0.01019455
340.9702 0.01019953
341.0204 0.010220013
341.07053 0.010245208
341.12067 0.010275618
341.17084 0.010311638
341.22098 0.010353529
341.27112 0.010401397
341.32126 0.0104551595
341.37143 0.010514535
341.42157 0.010579035
341.4619 0.010634117
341.47174 0.010647945
341.52188 0.01072035
341.57202 0.010795133
341.62216 0.010871004
341.6723 0.0109465355
341.72247 0.011020204
341.7726 0.011090444
341.82278 0.011155694
341.87292 0.011214457
341.9231 0.011265362
341.96777 0.011303148
341.97324 0.011307216
342.02338 0.01133905
342.07352 0.011360164
342.12366 0.011370152
342.17383 0.011368926
342.22397 0.0113567095
342.27414 0.011334044
342.32428 0.011301743
342.37442 0.011260881
342.42456 0.011212733
342.47366 0.011159928
342.47473 0.011158727
342.52487 0.011100394
342.575 0.011039292
342.62518 0.010976975
342.67532 0.01091492
342.7255 0.0108544985
342.7756 0.010796936
342.82578 0.010743292
342.87592 0.010694438
342.9261 0.010651072
342.97623 0.010613713
342.97952 0.010611482
343.02637 0.010582729
343.07654 0.010558344
343.12668 0.010540682
343.17682 0.0105297845
343.22696 0.010525634
343.27713 0.0105281845
343.32727 0.01053737
343.37744 0.010553127
343.42758 0.01057539
343.47772 0.010604093
343.4854 0.010609
343.5279 0.010639156
343.578 0.010680482
343.62817 0.010727934
343.6783 0.010781319
343.7285 0.01084037
343.77863 0.010904732
343.8288 0.010973949
343.87894 0.011047459
343.92908 0.011124588
343.97922 0.011204555
343.99127 0.0112240845
344.02936 0.011286487
344.07953 0.011369422
344.12967 0.011452341
344.17984 0.011534174
344.22998 0.011613835
344.28015 0.011690243
344.33026 0.011762342
344.38043 0.011829134
344.43057 0.0118896905
344.4807 0.01194318
344.49713 0.011958987
344.53088 0.011988888
344.58102 0.0120262215
344.6312 0.012054744
344.68134 0.01207417
344.7315 0.0120843835
344.78162 0.01208545
344.8318 0.012077612
344.88193 0.012061301
344.93207 0.012037136
344.98224 0.012005901
345.003 0.011991209
345.03238 0.011968555
345.08255 0.01192619
345.13266 0.011880028
345.18283 0.011831364
345.23297 0.011781544
345.28314 0.011731911
345.33328 0.011683761
345.38342 0.011638288
345.4336 0.011596547
345.48373 0.011559396
345.50885 0.0115426835
345.53387 0.011527465
345.584 0.011501133
345.6342 0.011480516
345.68433 0.011465454
345.7345 0.011455537
345.78464 0.0114501435
345.83478 0.011448469
345.88492 0.011449596
345.93506 0.011452557
345.98523 0.011456402
346.01474 0.011458623
346.03537 0.011460277
346.08554 0.011463477
346.13568 0.0114655215
346.18585 0.011466177
346.236 0.011465493
346.28613 0.011463801
346.33627 0.011461708
346.3864 0.011460041
346.43658 0.011459815
346.48672 0.011462146
346.5206 0.011467371
347.02646 0.011836838
347.53235 0.0122487405
348.0382 0.011989863
348.5441 0.011439241
349.04996 0.010965166
349.55585 0.010953595
350.0617 0.011551634
350.56757 0.012432774
351.07343 0.01252881
351.57928 0.012248039
352.08517 0.011645196
352.59103 0.011279324
353.09692 0.011396874
353.60278 0.011535122
354.10864 0.0115578715
354.61453 0.01170523
355.1204 0.011630316
355.62628 0.011805467
356.13214 0.011773858
356.638 0.011659751
357.14386 0.011903585
357.64972 0.012005323
358.1556 0.0114568425
358.66147 0.010933283
359.16736 0.010909189
359.67322 0.010948574
360.17908 0.010937328
360.68497 0.011372961
361.19083 0.011814575
361.69672 0.011943037
362.20255 0.011653734
362.70844 0.010804212
363.2143 0.01045896
363.72015 0.011089846
364.22604 0.011452548
364.7319 0.011023204
365.2378 0.009848936
365.74365 0.008745827
366.24954 0.008850895
366.7554 0.009713279
367.26126 0.010421968
367.76712 0.009860535
368.27298 0.008821904
368.77887 0.008540721
369.28473 0.008765333
369.7906 0.008980432
370.29648 0.00919696
370.80234 0.009148126
371.30823 0.008575243
371.8141 0.008331701
372.31998 0.008600185
372.82584 0.008703682
373.33167 0.008679111
373.83755 0.008691451
374.3434 0.008360772
374.8493 0.007884796
375.35516 0.007261608
375.86102 0.006945195
376.3669 0.007137067
376.87277 0.0077484436
377.37866 0.007911729
377.88452 0.0072464026
378.3904 0.006675211
378.89624 0.0070070177
379.4021 0.008175048
379.908 0.008988048
380.41385 0.009162118
380.91974 0.0087855775
381.4256 0.008057936
381.9315 0.007780405
382.43735 0.008224558
382.9432 0.00885936
383.4491 0.009021618
383.95496 0.0087263575
384.46082 0.008099484
384.96667 0.0077046948
385.47253 0.00804564
385.97842 0.008693016
386.48428 0.008966159
386.99017 0.008930066
387.49603 0.008556943
388.00192 0.0081210425
388.50778 0.008127243
389.01364 0.008690212
389.51953 0.0091412915
390.0254 0.009436066
390.53125 0.0094527425
391.0371 0.009562396
391.543 0.009746163
392.04886 0.009648606
392.55472 0.009620969
393.0606 0.010020921
393.56647 0.010245463
394.07236 0.009943548
394.57822 0.009335412
395.08408 0.009077452
395.58997 0.009036603
396.09583 0.0093158735
396.60168 0.009439545
397.10754 0.009100702
397.61343 0.008834642
398.1193 0.008756432
398.62515 0.00874311
399.13104 0.008695038
399.6369 0.008659976
400.1428 0.008748573
400.64865 0.008949128
401.1545 0.008791966
401.6604 0.008243821
402.16623 0.0075945486
402.67212 0.0075296545
403.17798 0.008010958
403.68387 0.008253342
404.18973 0.008006736
404.6956 0.0076972763
405.20148 0.0072131734
405.70734 0.006860614
406.21323 0.006525619
406.7191 0.0063801543
407.22498 0.006429376
407.7308 0.0061821193
408.23666 0.0055549317
408.74255 0.004962691
409.2484 0.0044558025
409.7543 0.004206957
410.26016 0.0042495565
410.76602 0.004269931
411.2719 0.0039102337
411.77777 0.0033656524
412.28366 0.0031018262
412.78952 0.0032608868
413.29538 0.003475207
413.80124 0.003643605
414.3071 0.0036934859
414.813 0.0034416893
415.31885 0.003085368
415.82474 0.0030919008
416.3306 0.0033971164
416.8365 0.003559671
417.34235 0.0034738267
417.8482 0.003101393
418.3541 0.0026955486
418.85992 0.0024961128
419.3658 0.0024830326
419.87167 0.0025189274
420.37756 0.0024697213
420.88342 0.0022655425
421.38928 0.002049751
421.89517 0.0018535862
422.40103 0.0017463226
422.90692 0.0017143451
423.41278 0.0017116125
423.91864 0.0016416864
424.4245 0.0014926041
424.93036 0.0013082301
425.43625 0.0012649471
425.9421 0.0013454427
426.448 0.0014104743
426.95386 0.0013795556
427.45972 0.0012551039
427.9656 0.0011001038
428.47147 0.0010038419
428.97736 0.0009617535
429.48322 0.0009410945
429.98907 0.0008694243
430.49493 0.0008011828
431.0008 0.0007388288
431.50668 0.00065978226
432.01254 0.00058192236
432.51843 0.0005496858
433.0243 0.00052193017
433.53015 0.00048405063
434.03604 0.00045745965
434.5419 0.00041036072
435.0478 0.00035489796
435.55365 0.0003406476
436.0595 0.00033245565
436.56537 0.00031119311
437.07123 0.0002828954
437.57712 0.0002582996
438.08298 0.00022887315
438.58887 0.00021799306
439.09473 0.00021441007
439.5 0.00020543775
441.0 0.00017378246
442.5 0.00014468451
444.0 0.00012326754
445.5 0.00010811262
447.0 9.356311e-05
448.5 7.789664e-05
450.0 6.554082e-05
451.5 5.804878e-05
453.0 4.991466e-05
454.5 3.9367027e-05
456.0 3.2451124e-05
457.5 3.0704046e-05
459.0 2.8795526e-05
460.5 2.2034297e-05
462.0 1.3498554e-05
