80.94807 7.1997805e-05
81.45399 0.000114328024
81.959915 0.00018952302
82.46584 0.00033252622
82.97177 0.00063234544
83.4777 0.0013697253
83.98362 0.003858597
84.48955 0.016101677
84.99547 0.019145403
85.501396 0.017849099
86.007324 0.016585046
86.51325 0.020598395
87.01917 0.030083343
87.5251 0.028310452
88.03102 0.025196757
88.53695 0.026426777
89.04288 0.03213736
89.548805 0.044749133
90.054726 0.047509883
90.56065 0.031173589
91.066574 0.026953187
91.5725 0.031683244
92.07842 0.028488988
92.58436 0.027980225
93.09028 0.028143084
93.59621 0.031068606
94.10213 0.043850932
94.608055 0.03829344
95.113976 0.032914247
95.6199 0.035797883
96.12583 0.031490393
96.63176 0.031266455
97.13768 0.031143213
97.64361 0.03211809
98.14953 0.028857654
98.65546 0.027651818
99.161385 0.029991997
99.66731 0.029967567
100.17323 0.024565049
100.67916 0.024346799
101.18508 0.031069795
101.69101 0.031188162
102.19694 0.029099626
102.702866 0.030339872
103.208786 0.031080123
103.714714 0.03333184
104.220634 0.03392914
104.72656 0.033436272
105.23248 0.032363053
105.73842 0.03256525
106.24434 0.03241949
106.75027 0.029585566
107.25619 0.033852782
107.762115 0.031732004
108.268036 0.028770098
108.77397 0.025166253
109.27989 0.024692016
109.28254 0.024706287
109.33269 0.024993604
109.38284 0.02529995
109.433 0.025612215
109.48315 0.02591857
109.533295 0.0262091
109.58345 0.026476283
109.633606 0.026715294
109.68376 0.026924035
109.73391 0.027103053
109.78406 0.027255211
109.78582 0.027259603
109.83421 0.027385231
109.88437 0.027499158
109.934525 0.02760373
109.98467 0.027705776
110.03483 0.027811605
110.084984 0.027926512
110.13513 0.028054379
110.18528 0.028197397
110.235435 0.028355928
110.28559 0.028528532
110.29174 0.028551169
110.33575 0.028712092
110.385895 0.028902087
110.43604 0.029092932
110.4862 0.02927838
110.536354 0.02945197
110.5865 0.029607465
110.63666 0.029739257
110.68681 0.029842732
110.73696 0.029914564
110.78711 0.029952906
110.79767 0.029955361
110.837265 0.029957538
110.88742 0.02992984
110.93758 0.029872777
110.987724 0.029790713
111.03788 0.029689211
111.08803 0.029574746
111.13818 0.029454397
111.18834 0.029335493
111.23849 0.029225241
111.28864 0.02913041
111.30359 0.029106498
111.3388 0.02905696
111.38895 0.029009774
111.439095 0.02899239
111.48925 0.029006818
111.539406 0.029053401
111.58956 0.029130798
111.63971 0.029235996
111.68986 0.029364428
111.74001 0.029510178
111.79017 0.029666254
111.809525 0.029727593
111.84032 0.02982493
111.89047 0.029978143
111.94063 0.030117922
111.99078 0.030236796
112.040924 0.030328277
112.09108 0.030387213
112.141235 0.030410128
112.19139 0.030395467
112.24154 0.030343747
112.291695 0.03025757
112.315445 0.030206013
112.34184 0.030141521
112.392 0.030001946
112.442154 0.029846583
112.4923 0.029684156
112.54246 0.029523786
112.59261 0.029374463
112.64276 0.029244436
112.69291 0.02914065
112.743065 0.029068258
112.79322 0.029030208
112.82137 0.029024776
112.843376 0.029026967
112.893524 0.029056415
112.94368 0.029113865
112.99383 0.029192274
113.04398 0.029282628
113.09413 0.029374396
113.14429 0.02945618
113.19444 0.02951637
113.2446 0.029543858
113.29474 0.029528739
113.32729 0.02949013
113.344894 0.02946291
113.39505 0.029340621
113.445206 0.029158855
113.49535 0.028917557
113.54551 0.028619666
113.595665 0.028271012
113.64581 0.027879976
113.69597 0.027457071
113.74612 0.027014337
113.79627 0.026564686
113.83322 0.02623737
113.84643 0.026121194
113.896576 0.02569641
113.946724 0.025301691
113.99688 0.024946619
114.047035 0.024638569
114.09719 0.024382366
114.14734 0.02418016
114.197495 0.024031397
114.24764 0.023932995
114.2978 0.023879616
114.33914 0.023864763
114.347946 0.02386409
114.3981 0.023877885
114.44826 0.023911642
114.49841 0.023955725
114.54856 0.024000745
114.59871 0.024038041
114.648865 0.024060072
114.69902 0.024060728
114.74917 0.024035532
114.799324 0.023981724
114.84507 0.023906562
114.84948 0.023898264
114.89963 0.023785701
114.94978 0.023646014
114.99993 0.023482334
115.05009 0.023298666
115.10024 0.02309958
115.15039 0.022889908
115.20054 0.022674438
115.250694 0.022457654
115.30085 0.02224355
115.351 0.02203547
115.351006 0.02203544
115.40115 0.02183587
115.45131 0.021646563
115.501465 0.021468421
115.55161 0.021301571
115.60176 0.021145463
115.65192 0.020998973
115.70207 0.020860566
115.75223 0.020728426
115.802376 0.02060062
115.85252 0.02047145
115.856926 0.020455852
116.36285 0.019172572
116.868774 0.01857111
117.374695 0.017475983
117.88062 0.013372895
118.38655 0.010168677
118.89248 0.008598575
119.3984 0.007498974
119.90433 0.0055916244
120.410255 0.00441663
120.91617 0.003494477
121.422104 0.0022647402
121.92803 0.0013211145
122.43396 0.001023594
122.93987 0.00088930654
123.4458 0.00089151884
123.95173 0.0007433966
124.45766 0.000837372
124.96358 0.0008552976
125.99999 0.00058664195
127.5 0.00037847154
129.0 0.00023360369
130.5 0.00015504088
132.0 0.0001411365
133.5 0.00012736702
135.0 0.00010447427
136.5 8.2051585e-05
138.0 5.0413415e-05
