112.442154 3.2063363e-05
112.4923 3.5977075e-05
112.54246 3.80608e-05
112.59261 3.8148253e-05
112.64276 3.6266174e-05
112.69291 3.2633212e-05
113.344894 3.2015138e-05
113.39505 3.9470026e-05
113.445206 4.5967594e-05
113.49535 5.0963026e-05
113.54551 5.405531e-05
113.595665 5.502716e-05
113.64581 5.3867723e-05
113.69597 5.0775427e-05
113.74612 4.6140893e-05
113.79627 4.051106e-05
113.81984 3.764827e-05
113.84643 3.4538058e-05
114.197495 3.13463e-05
114.24764 3.8990445e-05
114.2978 4.78573e-05
114.32571 5.3124044e-05
114.347946 5.727771e-05
114.3981 6.652978e-05
114.44826 7.490815e-05
114.49841 8.179251e-05
114.54856 8.670843e-05
114.59871 8.937504e-05
114.648865 8.973446e-05
114.69902 8.796025e-05
114.74917 8.444372e-05
114.799324 7.975921e-05
114.831566 7.6397555e-05
114.84948 7.461155e-05
114.89963 6.977035e-05
114.94978 6.599753e-05
114.99993 6.3974614e-05
115.05009 6.4237174e-05
115.10024 6.712232e-05
115.15039 7.273471e-05
115.20054 8.093452e-05
115.250694 9.134854e-05
115.30085 0.00010340393
115.33744 0.000112870264
115.351006 0.00011638145
115.40115 0.00012948345
115.45131 0.0001419104
115.501465 0.00015293856
115.55161 0.00016199176
115.60176 0.00016870003
115.65192 0.00017293984
115.70207 0.00017485123
115.75223 0.00017483073
115.802376 0.00017349968
115.84331 0.00017196807
116.34917 0.00027272664
116.855034 0.00045635185
117.3609 0.0008253749
117.86676 0.0018339988
118.372635 0.004154617
118.8785 0.008912214
119.38437 0.011856987
119.89023 0.011844564
120.396095 0.01619577
120.90196 0.018110955
121.40782 0.013184301
121.9137 0.013609007
122.41957 0.016902225
122.92542 0.01741574
123.4313 0.016931703
123.93716 0.019525202
124.44302 0.02556796
124.9489 0.023211839
125.45476 0.01830764
125.960625 0.018940073
126.466484 0.02171858
126.97236 0.024328858
127.478226 0.022844527
127.984085 0.022312183
128.48996 0.026196241
128.99582 0.030625308
129.50168 0.03055038
130.00754 0.029185764
130.51341 0.025245534
131.01929 0.024707982
131.52515 0.025800051
132.03102 0.024709918
132.53688 0.024824262
133.04274 0.024083262
133.54861 0.022630796
134.05447 0.024111124
134.56035 0.026349554
135.06621 0.02424504
135.57208 0.02150878
136.07794 0.021887403
136.5838 0.020141708
137.08968 0.020363325
137.59554 0.021906223
138.10141 0.02202668
138.60728 0.021500506
139.11313 0.022576608
139.619 0.020782785
140.12486 0.018779663
140.63074 0.019683238
141.13661 0.024780573
141.64247 0.028808111
142.14833 0.02670651
142.65419 0.022699993
143.16006 0.022820644
143.66594 0.022581547
144.1718 0.022255309
144.67767 0.022441598
145.18353 0.02238646
145.68939 0.021176025
146.19525 0.01947345
146.70113 0.019783795
147.207 0.020367315
147.71286 0.018843638
148.21872 0.016069487
148.72458 0.013402518
149.23045 0.014096371
149.73633 0.01683751
150.24219 0.018764094
150.74806 0.0189562
151.25392 0.018352527
151.75978 0.019115638
152.26566 0.020903528
152.77151 0.021506235
153.27739 0.021619556
153.78325 0.0226282
154.28912 0.023092093
154.79498 0.021082615
155.30084 0.018695703
155.80672 0.018050168
156.31258 0.017612902
156.81845 0.018157635
157.32433 0.020300303
157.83017 0.020467402
158.33604 0.018603183
158.8419 0.018412253
159.34778 0.019263433
159.85364 0.019186629
160.35951 0.017831262
160.86537 0.017242873
161.37123 0.016340302
161.8771 0.01532273
162.38297 0.014901293
162.88884 0.015185164
163.39471 0.013932804
163.90057 0.0125837
164.40643 0.012539182
164.9123 0.013222767
165.41817 0.013514178
165.92404 0.01261912
166.4299 0.010403877
166.93576 0.009785816
167.44162 0.010692587
167.9475 0.011432253
168.45337 0.009354401
168.95923 0.0072494806
169.4651 0.0056256633
169.97096 0.0038458838
170.47682 0.003266013
170.9827 0.0030809967
171.48856 0.0026185976
171.99443 0.0017633155
172.50029 0.0011324396
173.00616 0.00096612994
173.51202 0.00081717246
174.01788 0.0007373015
174.52376 0.0006703139
175.02962 0.00051515904
175.53549 0.0003368963
176.04135 0.00023446007
177.0 0.0001583779
178.5 0.00012250297
180.0 9.4516705e-05
181.5 7.676954e-05
183.0 6.604575e-05
184.5 5.90029e-05
186.0 5.2118943e-05
187.5 4.940382e-05
189.0 5.0301358e-05
190.5 4.9590893e-05
192.0 4.5020162e-05
193.5 3.723775e-05
