1 0.06281   2.969  0.1474  0.153
2 0.09706   3.365  0.4041  0.2319
3 0.01561   2.845  0.4666  0.4216
4 0.036   2.852  0.1665  0.2874
5 0.009358   2.729  0.1955  0.2035
6 0.1138   3.017  0.2892  0.3671
7 0.09123   3.003  0.1693  0.1649
8 0.002819   2.752  0.2245  0.05912
9 0.2363   3.505  0.3767  0.06658
10 0.07319   2.937  0.241  0.3916
11 0.1621   3.525  0.3903  0.2042
12 0.01334   2.824  0.2425  0.2108
13 0.3316   3.768  0.4036  0.3166
14 0.1755   3.119  0.7299  1.159
15 0.1778   3.095  0.229  0.2637
16  None
17  None
18 0.137   2.85  0.2025  0.8099
19 0.3827   3.755  0.2013  0.2183
20 0.1108   3.235  0.2476  0.12
21 0.02454   2.841  0.2325  0.2063
22 0.0761   3.013  0.2567  0.2216
23 0.004657   2.812  0.2646  0.2126
24 0.5241   4.2  0.244  0.2627
25 0.1895   3.22  0.2455  0.2291
26 0.3972   4.105  0.4162  0.2751
27 0.07792   2.912  0.06652  0.4534
28 0.05648   3.108  0.4327  0.3177
29 0.228   3.29  0.2643  0.3913
30 0.306   3.455  0.1335  0.2347
31  None
32 0.2565   3.348  0.2283  0.2579
33 0.1663   3.264  0.3621  0.3226
34 0.6592   4.409  0.09782  0.509
35 0.09856   3.006  0.1969  0.3452
36  None
37 0.2724   3.342  0.1797  0.3357
38  None
39 0.1173   2.928  0.0  0.3095
40 0.2075   3.263  0.3016  0.3087
41 0.02487   2.851  0.4414  0.4731
42  None
43 0.1023   2.889  0.3285  0.3394
44 0.2648   3.378  0.2881  0.2552
45 0.06916   2.982  0.2087  0.2225
46 0.0138   2.918  0.4748  0.4544
47 0.02238   2.815  0.2638  0.243
48 0.03385   2.801  0.2291  0.1844
49 0.09732   2.884  0.1883  0.1575
50 0.2676   3.456  0.07502  0.2882
51  None
52 0.4125   3.705  0.06168  0.2506
53 0.1147   3.047  0.2113  0.2585
54 0.4366   3.706  0.05766  0.3775
55  None
56 0.3043   3.608  0.5802  0.4439
57 0.3875   3.795  0.3705  0.1703
58 0.6722   4.433  0.2125  0.2353
59 0.04213   2.933  0.1242  0.1414
60 0.2082   3.331  0.2641  0.3164
61 0.02371   2.86  0.1641  0.176
62 0.1897   3.313  0.2737  0.2133
63 0.05052   2.837  0.1792  0.2349
64 5.713e-05   2.924  0.2306  0.07672
65 0.2366   3.535  0.2461  0.04049
66 0.01058   2.616  0.869  0.925
67 0.52   4.029  0.07422  0.2997
68 0.3799   3.558  0.2549  0.62
69 0.07077   3.076  0.521  0.2316
70 0.1644   3.108  0.16  0.187
71  None
72 0.2449   3.362  0.217  0.2063
73 0.1653   2.999  0.06643  0.2508
74 0.3136   3.587  0.08412  0.2604
75  None
76 0.4809   4.161  0.4013  0.3698
77 0.2045   3.37  0.1753  0.1948
