1 0.06281   2.724  0.06957  0.1887
2 0.09706   2.865  0.2046  0.38
3 0.01561   2.516  0.128  0.4813
4 0.036   2.666  0.04691  0.2611
5 0.009358   2.633  0.05104  0.1958
6 0.1138   2.63  0.07908  0.3192
7 0.09123   2.757  0.08853  0.1024
8 0.002819   2.671  0.147  0.1235
9 0.2363   2.685  0.1827  0.1725
10 0.07319   2.708  0.1298  0.3228
11 0.1621   2.92  0.2556  0.2534
12  None
13  None
14 0.1755   2.157  0.1384  1.137
15 0.1778   2.576  0.1602  0.2616
16  None
17 0.5216   2.442  0.1707  0.5172
18 0.137   2.449  0.0942  0.6191
19  None
20 0.1108   2.95  0.2554  0.08957
21  None
22 0.0761   2.789  0.1148  0.1233
23 0.004657   2.854  0.2043  0.05435
24 0.5241   2.631  0.05448  0.2505
25 0.1895   2.683  0.09869  0.1471
26 0.3972   2.819  0.2134  0.2802
27 0.07792   2.772  0.1304  0.3444
28 0.05648   2.646  0.1579  0.4786
29 0.228   2.664  0.2275  0.2726
30 0.306   2.677  0.1444  0.1306
31  None
32 0.2565   2.662  0.1917  0.1873
33 0.1663   2.712  0.1278  0.3102
34 0.6592   2.675  0.05421  0.2923
35  None
36 0.3419   2.938  0.3527  0.1332
37 0.2724   2.653  0.1999  0.2218
38 0.4266   2.833  0.1738  0.04239
39 0.1173   2.663  0.06549  0.189
40 0.2075   2.652  0.1111  0.2095
41 0.02487   2.696  0.1217  0.2161
42 0.1625   2.751  0.1476  0.9178
43 0.1023   2.486  0.188  0.3798
44 0.2648   2.705  0.2308  0.1836
45 0.06916   2.779  0.114  0.1254
46 0.0138   2.7  0.1794  0.3734
47 0.02238   2.601  0.05353  0.3075
48 0.03385   2.699  0.1173  0.09923
49 0.09732   2.532  0.1036  0.2203
50  None
51  None
52 0.4125   2.654  0.08079  0.1391
53 0.1147   2.73  0.1149  0.186
54 0.4366   2.766  0.2426  0.05803
55 0.3814   2.783  0.1434  0.3251
56 0.3043   2.659  0.2281  0.3623
57 0.3875   2.582  0.125  0.2612
58 0.6722   2.58  0.06635  0.212
59 0.04213   2.826  0.1338  0.1174
60 0.2082   2.735  0.1409  0.1989
61 0.02371   2.718  0.06685  0.2046
62 0.1897   2.751  0.1372  0.171
63 0.05052   2.649  0.06309  0.225
64 5.713e-05   2.808  0.135  0.1712
65 0.2366   2.781  0.1043  0.1198
66 0.01058   2.218  0.225  0.7946
67 0.52   2.677  0.07368  0.1636
68 0.3799   2.532  0.09808  0.4049
69 0.07077   2.433  0.1408  0.4842
70 0.1644   2.604  0.06358  0.2441
71 0.06516   2.803  0.3571  0.7369
72 0.2449   2.696  0.1096  0.1338
73 0.1653   2.67  0.1425  0.1511
74 0.3136   2.812  0.1454  0.1131
75  None
76 0.4809   2.761  0.1414  0.2089
77 0.2045   2.827  0.1735  0.1391
